H_inf:
[[ 9.67e-01 -3.13e-02  1.42e+02]
 [ 1.54e-02  1.00e+00 -1.94e+01]
 [-4.93e-05  5.50e-06  1.02e+00]]
e:
[[-1.19e+03]
 [-1.55e+00]
 [ 4.98e-03]]
q:
[array([[-4.44026558e-05],
       [-2.21452219e-05],
       [ 1.08008041e-01]]), array([[ 4.89236162e-05],
       [-1.17716841e-05],
       [ 5.73517107e-02]]), array([[-9.99300338e-06],
       [ 1.09414149e-05],
       [ 9.84143521e-02]])]
r_correct:
[array([[1.00480507e+00],
       [4.13153034e-05]]), array([[ 9.99472502e-01],
       [-3.22988682e-06]]), array([[1.03177171e+00],
       [1.96509271e-04]])]
PSNR:
[35.22472696464246, 26.070503894799103, 28.644387483276358]
