H_inf:
[[ 1.10412512e+00  7.22468506e-04  2.16475978e+01]
 [ 4.98200900e-03  1.11753503e+00 -1.98191350e+01]
 [-8.08485625e-06  1.13945589e-05  1.10920041e+00]]
e:
[[-8.40137237e+02]
 [-3.45767132e+00]
 [ 3.15268133e-02]]
q:
[array([[-4.85041169e-05],
       [-2.36399559e-05],
       [ 1.17131605e-01]]), array([[ 5.28803600e-05],
       [-1.30366741e-05],
       [ 6.22252528e-02]]), array([[ 4.67057673e-05],
       [ 1.95619099e-04],
       [-1.50143525e-02]])]
r_correct:
[array([[1.00168503e+00],
       [1.29854149e-05]]), array([[ 9.95337413e-01],
       [-3.39897958e-05]]), array([[ 9.98241683e-01],
       [-1.85967088e-05]])]
PSNR:
[50.31961249100505, 47.85185303854119, 46.26742871587024]
