H_inf:
[[ 9.65839836e-01 -8.41589335e-03  1.39060980e+02]
 [ 2.19485280e-02  1.01520898e+00 -1.23718912e+02]
 [-5.05974374e-05  4.74229252e-05  1.00579468e+00]]
e:
[[-7.24204197e+02]
 [-1.64534715e+01]
 [ 4.01498913e-02]]
q:
[array([[-5.96507588e-05],
       [-3.02164145e-05],
       [ 1.44743346e-01]]), array([[ 8.14932969e-05],
       [-2.88990747e-05],
       [ 5.57176245e-02]]), array([[1.89395051e-07],
       [1.14948256e-04],
       [3.49029342e-02]])]
r_correct:
[array([[ 9.93390769e-01],
       [-4.61817515e-05]]), array([[ 9.97370299e-01],
       [-1.80821342e-05]]), array([[ 9.96350068e-01],
       [-3.17773268e-05]])]
PSNR:
[29.524025548703186, 51.731845305028976, 42.423887518664536]
RMSD:
0.2884756176471562
RMSD_each:
[0.30470315916382185, 0.20801377247240888, 0.34437028897330824]
d_max:
0.3979862785006226
