0.965839835776856
-0.008415893346324949
139.06097996348467
0.02194852799192793
1.015208975832198
-123.71891244366836
-5.0597437378900896e-05
4.7422925227319104e-05
1.0057946813154306
-724.2041969792081
-16.453471516905747
0.04014989125331564
-5.9650758776306665e-05
-3.0216414478394328e-05
0.14474334561524382
8.14932968920832e-05
-2.8899074745726727e-05
0.05571762453166487
1.893950507556333e-07
0.00011494825561388574
0.034902934161620616
0.9933907686382274
-4.618175151486197e-05
0.9973702988823557
-1.8082134242275903e-05
0.996350067655997
-3.177732681506385e-05
