0.989508996739529
-0.031421541079294756
141.57923334848158
0.016118020950419396
1.0209785797546576
-20.238445867885694
-4.8930988297986926e-05
6.502459947602287e-06
1.0399266279775878
-1190.036037701794
-1.620883908550518
0.03237450876152981
-4.1879409498397455e-05
-2.1008120373698432e-05
0.10755410330103489
5.094988504906914e-05
-1.223767890519656e-05
0.058058015946459235
-7.763306020505457e-06
1.0939087394127203e-05
0.0986232715998023
0.9998532983739339
-1.2559836950377709e-06
0.9943489072414423
-3.4561697503272706e-05
1.0268858481422092
0.00016495250240617084
