H_inf:
[[ 9.89508997e-01 -3.14215411e-02  1.41579233e+02]
 [ 1.61180210e-02  1.02097858e+00 -2.02384459e+01]
 [-4.89309883e-05  6.50245995e-06  1.03992663e+00]]
e:
[[-1.19003604e+03]
 [-1.62088391e+00]
 [ 3.23745088e-02]]
q:
[array([[-4.18794095e-05],
       [-2.10081204e-05],
       [ 1.07554103e-01]]), array([[ 5.09498850e-05],
       [-1.22376789e-05],
       [ 5.80580159e-02]]), array([[-7.76330602e-06],
       [ 1.09390874e-05],
       [ 9.86232716e-02]])]
r_correct:
[array([[ 9.99853298e-01],
       [-1.25598370e-06]]), array([[ 9.94348907e-01],
       [-3.45616975e-05]]), array([[1.02688585e+00],
       [1.64952502e-04]])]
PSNR:
[53.43490654163966, 52.822470505130035, 48.633453423424044]
RMSD:
0.11711530057799445
RMSD_each:
[0.1264975957564918, 0.08742061869170692, 0.13602432517071775]
RMSD:
0.22656603575721992
