H_inf:
[[ 9.9354678e-01 -3.8618529e-03  2.9044950e+01]
 [ 3.3128452e-03  1.0022768e+00 -1.5964150e+01]
 [-1.0501523e-05  5.8564215e-06  1.0037956e+00]]
e:
[[-8.409717e+02]
 [-2.804632e+00]
 [ 8.890517e-03]]
q:
[array([[-4.83091400e-05],
       [-2.41033054e-05],
       [ 1.17116381e-01]]), array([[ 5.28441852e-05],
       [-1.27976243e-05],
       [ 6.19729186e-02]]), array([[ 4.91099739e-05],
       [ 1.85190837e-04],
       [-1.40728883e-02]])]
r_correct:
[array([[1.00200866e+00],
       [1.54740939e-05]]), array([[ 9.95546640e-01],
       [-3.23117345e-05]]), array([[ 9.98133405e-01],
       [-2.02616427e-05]])]
PSNR:
[54.739675174875764, 49.318568452621, 46.819209365382605]
