Hoo:
[[1. 0. 0.]
 [0. 1. 0.]
 [0. 0. 1.]]
e:
[-5.69822333e+02 -4.57549368e-03  1.52790722e-05]
p:
[[-5.04147145e-05 -2.53917154e-05  1.22084579e-01]
 [ 6.80928394e-05 -2.41470029e-05  4.64782197e-02]
 [ 0.00000000e+00  1.09855489e-04  3.28974882e-02]]
H:
[array([[ 1.02872743e+00,  1.44687665e-02, -6.95665196e+01],
       [ 2.30672208e-07,  1.00000012e+00, -5.58597219e-04],
       [-7.70290062e-10, -3.87961852e-10,  1.00000187e+00]]), array([[ 9.61199179e-01,  1.37595015e-02, -2.64843276e+01],
       [-3.11558356e-07,  1.00000011e+00, -2.12660800e-04],
       [ 1.04039541e-09, -3.68943800e-10,  1.00000071e+00]]), array([[ 1.00000000e+00, -6.25981113e-02, -1.87457235e+01],
       [ 0.00000000e+00,  9.99999497e-01, -1.50522249e-04],
       [ 0.00000000e+00,  1.67848995e-09,  1.00000050e+00]])]
