H_inf:
[[ 9.51958568e-01 -1.61028691e-01  2.05291642e+02]
 [ 1.88447546e-01  9.99411077e-01 -2.35358036e+02]
 [-3.99424923e-05  6.26078118e-05  9.90950379e-01]]
e:
[[-1.21004890e+03]
 [-4.60502141e+01]
 [-7.27863792e-02]]
q:
[array([[-3.20962545e-05],
       [-4.33730691e-06],
       [ 1.00806139e-01]]), array([[ 5.10028797e-05],
       [-1.23051622e-05],
       [ 5.98152421e-02]]), array([[1.05603440e-05],
       [4.18628465e-05],
       [7.33696013e-02]])]
r_correct:
[array([[1.01451717e+00],
       [1.17515309e-04]]), array([[ 9.86832299e-01],
       [-1.10771571e-04]]), array([[ 9.96963583e-01],
       [-1.98783474e-05]])]
PSNR:
[36.19114225064829, 40.2400274365814, 40.421007387445485]
