H_inf:
[[ 9.6703023e-01 -3.1322714e-02  1.4203682e+02]
 [ 1.5408186e-02  1.0015701e+00 -1.9494955e+01]
 [-4.9345297e-05  5.5099945e-06  1.0246259e+00]]
e:
[[-1.1902810e+03]
 [-1.5571237e+00]
 [ 4.9867472e-03]]
q:
[array([[-4.46064534e-05],
       [-2.22485213e-05],
       [ 1.08144400e-01]]), array([[ 4.89356964e-05],
       [-1.18492210e-05],
       [ 5.73644273e-02]]), array([[-1.00244137e-05],
       [ 1.09743472e-05],
       [ 9.83140922e-02]])]
r_correct:
[array([[1.00452081e+00],
       [3.87457429e-05]]), array([[ 9.97366133e-01],
       [-1.61385651e-05]]), array([[1.03099825e+00],
       [1.90998130e-04]])]
PSNR:
[51.040335008014885, 51.17122801829572, 33.321171665075234]
