0.9519585676105764
-0.16102869084321564
205.29164243866964
0.18844754583177492
0.9994110774896703
-235.35803638394532
-3.994249232106974e-05
6.260781175522076e-05
0.990950378832156
-1210.048900434749
-46.050214072765485
-0.07278637919275888
-3.2096254457431335e-05
-4.337306912446386e-06
0.10080613854061318
5.1002879728681806e-05
-1.2305162223139308e-05
0.0598152421168357
1.0560344023863485e-05
4.186284651010284e-05
0.07336960131679764
1.0145171694265038
0.00011751530898073563
0.9868322986528135
-0.00011077157085679281
0.9969635831939991
-1.9878347396217673e-05
