1.0943018972843859
0.00015975677319857683
22.212062065042446
0.0048683068609787486
1.106718405395607
-19.520795637505895
-8.497737212655873e-06
1.1250868520202078e-05
1.0993753095473806
-840.1296184359383
-3.386328053731291
0.02760310412696955
-4.8430381452125185e-05
-2.3603986374278558e-05
0.1170912886346861
5.2625593475684386e-05
-1.3439176977042146e-05
0.06314211869563398
4.922118851100239e-05
0.00019619214536250289
-0.01680294228255906
0.9977260301407176
-1.7537003308218915e-05
0.9912503543594043
-6.232810309754635e-05
0.9921407347367671
-8.537021467998698e-05
