H_inf:
[[ 1.09430190e+00  1.59756773e-04  2.22120621e+01]
 [ 4.86830686e-03  1.10671841e+00 -1.95207956e+01]
 [-8.49773721e-06  1.12508685e-05  1.09937531e+00]]
e:
[[-8.40129618e+02]
 [-3.38632805e+00]
 [ 2.76031041e-02]]
q:
[array([[-4.84303815e-05],
       [-2.36039864e-05],
       [ 1.17091289e-01]]), array([[ 5.26255935e-05],
       [-1.34391770e-05],
       [ 6.31421187e-02]]), array([[ 4.92211885e-05],
       [ 1.96192145e-04],
       [-1.68029423e-02]])]
r_correct:
[array([[ 9.97726030e-01],
       [-1.75370033e-05]]), array([[ 9.91250354e-01],
       [-6.23281031e-05]]), array([[ 9.92140735e-01],
       [-8.53702147e-05]])]
PSNR:
[48.60682699554941, 44.5654169785001, 45.77265960947265]
RMSD:
0.21559488561191809
RMSD_each:
[0.18657703294836375, 0.1300468073397142, 0.3698886267815483]
d_max:
0.8743636067812102
