H_inf:
[[ 9.67117018e-01 -8.43235325e-03  1.38886016e+02]
 [ 2.19318839e-02  1.01651282e+00 -1.23812094e+02]
 [-5.06923502e-05  4.72170235e-05  1.00713524e+00]]
e:
[[-7.24221495e+02]
 [-1.64688203e+01]
 [ 3.99577756e-02]]
q:
[array([[-5.96313481e-05],
       [-3.00386095e-05],
       [ 1.44330034e-01]]), array([[ 8.14917488e-05],
       [-2.89088336e-05],
       [ 5.57192068e-02]]), array([[2.66520563e-07],
       [1.14590689e-04],
       [3.51252357e-02]])]
r_correct:
[array([[1.00236827e+00],
       [1.81821955e-05]]), array([[ 9.97831878e-01],
       [-1.49243483e-05]]), array([[1.00068212e+00],
       [6.10732399e-06]])]
PSNR:
[40.15501409647983, 49.50426252071882, 45.405422458281066]
